{
 "cells": [
  {
   "cell_type": "markdown",
   "metadata": {},
   "source": [
    "# 2. 어떻게 가치를 평가할 것인가?\n",
    "## Policy Iteration\n",
    "### Example : Grid World\n",
    "#### Source\n",
    "1. 예제 및 Pseudo Code from [Sutton et al. Reinforcement Learning: An Introduction]\n",
    "2. Original Code from [https://github.com/dennybritz/reinforcement-learning]"
   ]
  },
  {
   "cell_type": "markdown",
   "metadata": {},
   "source": [
    "<img src=\"img/gird_ex.png\" width=\"50%\" height=\"50%\" title=\"grid_world\" alt=\"grid_world\"></img>"
   ]
  },
  {
   "cell_type": "code",
   "execution_count": 1,
   "metadata": {},
   "outputs": [],
   "source": [
    "import numpy as np\n",
    "import sys\n",
    "import random\n",
    "from utils import GridworldEnv\n",
    "\n",
    "random.seed(100)\n",
    "np.random.seed(100)"
   ]
  },
  {
   "cell_type": "code",
   "execution_count": 2,
   "metadata": {},
   "outputs": [],
   "source": [
    "def one_step_lookahead(state, discount_factor, V):\n",
    "    \"\"\"주어진 상태(state) s에서 이동하는 다음 상태 s'에 대한 value V(s')에 대해서 알고 싶음\"\"\"\n",
    "    A = np.zeros(env.nA)\n",
    "    for a in range(env.nA):\n",
    "        for prob, next_state, reward, done in env.P[state][a]:\n",
    "            A[a] += prob * (reward + discount_factor * V[next_state])\n",
    "    return A"
   ]
  },
  {
   "cell_type": "markdown",
   "metadata": {},
   "source": [
    "<img src=\"img/pi.png\" width=\"50%\" height=\"50%\" title=\"policy iteration\" alt=\"policy iteration\"></img>"
   ]
  },
  {
   "cell_type": "code",
   "execution_count": 3,
   "metadata": {},
   "outputs": [],
   "source": [
    "def policy_eval(policy, env, discount_factor=1.0, theta=0.00001, cnt_eval=None):\n",
    "\n",
    "    V = np.zeros(env.nS)  # value table을 0으로 채움    \n",
    "    cnt_iter = 0\n",
    "\n",
    "    while True:\n",
    "        delta = 0  # delta가 theta보다 작아질때까지 for loop 진행\n",
    "    \n",
    "        for s in range(env.nS):  # 모든 state에 대해서 table을 채워넣을 것임\n",
    "            v = 0\n",
    "\n",
    "            for a, action_prob in enumerate(policy[s]):  # 해당 state에 대해서 선택할 수 있는 action\n",
    "\n",
    "                for  prob, next_state, reward, done in env.P[s][a]:  # MDP dynamics를 알고 있으므로...\n",
    "                    v += action_prob * prob * (reward + discount_factor * V[next_state])\n",
    "\n",
    "            delta = max(delta, np.abs(v - V[s]))\n",
    "            V[s] = v\n",
    "        \n",
    "        print(f\"{cnt_eval}th Policy Iteration {cnt_iter}: \") if cnt_eval is not None else None\n",
    "        print(V.reshape(env.shape))\n",
    "        print(\"\\n\")\n",
    "        cnt_iter +=1\n",
    "        \n",
    "        if delta < theta:\n",
    "            print('='*50)\n",
    "            break\n",
    "\n",
    "    return np.array(V)"
   ]
  },
  {
   "cell_type": "code",
   "execution_count": 4,
   "metadata": {},
   "outputs": [],
   "source": [
    "def policy_iteration(env, policy_eval_fn=policy_eval, discount_factor=1.0):    \n",
    "    policy = np.ones([env.nS, env.nA]) / env.nA  # random policy\n",
    "    cnt_eval = 0\n",
    "    while True:\n",
    "        cnt_eval +=1\n",
    "        V = policy_eval_fn(policy, env, discount_factor, cnt_eval=cnt_eval)\n",
    "        policy_stable = True\n",
    "        \n",
    "        for s in range(env.nS):\n",
    "            chosen_a = np.argmax(policy[s])  # 이전 iter의 Value State에서 얻은 최적 action\n",
    "            action_values = one_step_lookahead(s, discount_factor, V)\n",
    "            best_a = np.argmax(action_values)  # Updated Value State에서 얻은 최적 action\n",
    "            \n",
    "            # Greedily update the policy\n",
    "            if chosen_a != best_a:\n",
    "                policy_stable = False\n",
    "            policy[s] = np.eye(env.nA)[best_a]\n",
    "        \n",
    "        # If the policy is stable we've found an optimal policy. Return it\n",
    "        if policy_stable:\n",
    "            return policy, V"
   ]
  },
  {
   "cell_type": "code",
   "execution_count": 5,
   "metadata": {},
   "outputs": [
    {
     "name": "stdout",
     "output_type": "stream",
     "text": [
      "1th Policy Iteration 0: \n",
      "[[ 0.        -1.        -1.25      -1.3125   ]\n",
      " [-1.        -1.5       -1.6875    -1.75     ]\n",
      " [-1.25      -1.6875    -1.84375   -1.8984375]\n",
      " [-1.3125    -1.75      -1.8984375  0.       ]]\n",
      "\n",
      "\n",
      "1th Policy Iteration 1: \n",
      "[[ 0.         -1.9375     -2.546875   -2.73046875]\n",
      " [-1.9375     -2.8125     -3.23828125 -3.40429688]\n",
      " [-2.546875   -3.23828125 -3.56835938 -3.21777344]\n",
      " [-2.73046875 -3.40429688 -3.21777344  0.        ]]\n",
      "\n",
      "\n",
      "1th Policy Iteration 2: \n",
      "[[ 0.         -2.82421875 -3.83496094 -4.17504883]\n",
      " [-2.82421875 -4.03125    -4.7097168  -4.87670898]\n",
      " [-3.83496094 -4.7097168  -4.96374512 -4.26455688]\n",
      " [-4.17504883 -4.87670898 -4.26455688  0.        ]]\n",
      "\n",
      "\n",
      "1th Policy Iteration 3: \n",
      "[[ 0.         -3.67260742 -5.0980835  -5.58122253]\n",
      " [-3.67260742 -5.19116211 -6.03242493 -6.18872833]\n",
      " [-5.0980835  -6.03242493 -6.14849091 -5.15044403]\n",
      " [-5.58122253 -6.18872833 -5.15044403  0.        ]]\n",
      "\n",
      "\n",
      "1th Policy Iteration 4: \n",
      "[[ 0.         -4.49046326 -6.30054855 -6.91293049]\n",
      " [-4.49046326 -6.26144409 -7.22480297 -7.36922646]\n",
      " [-6.30054855 -7.22480297 -7.1876235  -5.9268235 ]\n",
      " [-6.91293049 -7.36922646 -5.9268235   0.        ]]\n",
      "\n",
      "\n",
      "1th Policy Iteration 5: \n",
      "[[ 0.         -5.26311398 -7.425349   -8.15510911]\n",
      " [-5.26311398 -7.24395847 -8.30653936 -8.4394246 ]\n",
      " [-7.425349   -8.30653936 -8.11668143 -6.62073238]\n",
      " [-8.15510911 -8.4394246  -6.62073238  0.        ]]\n",
      "\n",
      "\n",
      "1th Policy Iteration 6: \n",
      "[[ 0.         -5.98310536 -8.46752571 -9.30429213]\n",
      " [-5.98310536 -8.14482236 -9.29211352 -9.41414066]\n",
      " [-8.46752571 -9.29211352 -8.95642295 -7.247824  ]\n",
      " [-9.30429213 -9.41414066 -7.247824    0.        ]]\n",
      "\n",
      "\n",
      "1th Policy Iteration 7: \n",
      "[[  0.          -6.64886336  -9.42819868 -10.3627309 ]\n",
      " [ -6.64886336  -8.97048844 -10.19231268 -10.30425206]\n",
      " [ -9.42819868 -10.19231268  -9.72006834  -7.8180361 ]\n",
      " [-10.3627309  -10.30425206  -7.8180361    0.        ]]\n",
      "\n",
      "\n",
      "1th Policy Iteration 8: \n",
      "[[  0.          -7.26188762 -10.31128247 -11.33524908]\n",
      " [ -7.26188762  -9.72710015 -11.01567576 -11.11830325]\n",
      " [-10.31128247 -11.01567576 -10.41685593  -8.33829882]\n",
      " [-11.33524908 -11.11830325  -8.33829882   0.        ]]\n",
      "\n",
      "\n",
      "1th Policy Iteration 9: \n",
      "[[  0.          -7.82506756 -11.12181872 -12.22765503]\n",
      " [ -7.82506756 -10.42037166 -11.76933739 -11.86339862]\n",
      " [-11.12181872 -11.76933739 -11.0538181   -8.81387889]\n",
      " [-12.22765503 -11.86339862  -8.81387889   0.        ]]\n",
      "\n",
      "\n",
      "1th Policy Iteration 10: \n",
      "[[  0.          -8.34181448 -11.86515641 -13.04596627]\n",
      " [ -8.34181448 -11.05557594 -12.45948727 -12.54568276]\n",
      " [-11.86515641 -12.45948727 -11.63668308  -9.24906118]\n",
      " [-13.04596627 -12.54568276  -9.24906118   0.        ]]\n",
      "\n",
      "\n",
      "1th Policy Iteration 11: \n",
      "[[  0.          -8.81563671 -12.54656166 -13.79604424]\n",
      " [ -8.81563671 -11.63756199 -13.09162237 -13.17060264]\n",
      " [-12.54656166 -13.09162237 -12.17034178  -9.6475014 ]\n",
      " [-13.79604424 -13.17060264  -9.6475014    0.        ]]\n",
      "\n",
      "\n",
      "1th Policy Iteration 12: \n",
      "[[  0.          -9.24994009 -13.17104209 -14.4834333 ]\n",
      " [ -9.24994009 -12.17078123 -13.67069193 -13.74305732]\n",
      " [-13.17104209 -13.67069193 -12.65909667 -10.01241385]\n",
      " [-14.4834333  -13.74305732 -10.01241385   0.        ]]\n",
      "\n",
      "\n",
      "1th Policy Iteration 13: \n",
      "[[  0.          -9.64794085 -13.74327705 -15.11330024]\n",
      " [ -9.64794085 -12.65931639 -14.20118686 -14.26748957]\n",
      " [-13.74327705 -14.20118686 -13.10680035 -10.34667594]\n",
      " [-15.11330024 -14.26748957 -10.34667594   0.        ]]\n",
      "\n",
      "\n",
      "1th Policy Iteration 14: \n",
      "[[  0.         -10.01263357 -14.26759943 -15.69042237]\n",
      " [-10.01263357 -13.10691022 -14.68719989 -14.74794694]\n",
      " [-14.26759943 -14.68719989 -13.51693792 -10.6528902 ]\n",
      " [-15.69042237 -14.74794694 -10.6528902    0.        ]]\n",
      "\n",
      "\n",
      "1th Policy Iteration 15: \n",
      "[[  0.         -10.3467858  -14.74800187 -16.21919839]\n",
      " [-10.3467858  -13.51699285 -15.1324699  -15.18812636]\n",
      " [-14.74800187 -15.1324699  -13.89268005 -10.93342415]\n",
      " [-16.21919839 -15.18812636 -10.93342415   0.        ]]\n",
      "\n",
      "\n",
      "1th Policy Iteration 16: \n",
      "[[  0.         -10.65294513 -15.18815382 -16.70366924]\n",
      " [-10.65294513 -13.89270751 -15.54041694 -15.59140917]\n",
      " [-15.18815382 -15.54041694 -14.23692054 -11.19043847]\n",
      " [-16.70366924 -15.59140917 -11.19043847   0.        ]]\n",
      "\n",
      "\n",
      "1th Policy Iteration 17: \n",
      "[[  0.         -10.93345162 -15.5914229  -17.14754264]\n",
      " [-10.93345162 -14.23693428 -15.91417172 -15.9608905 ]\n",
      " [-15.5914229  -15.91417172 -14.55230509 -11.42590852]\n",
      " [-17.14754264 -15.9608905  -11.42590852   0.        ]]\n",
      "\n",
      "\n",
      "1th Policy Iteration 18: \n",
      "[[  0.         -11.1904522  -15.96089737 -17.55421829]\n",
      " [-11.1904522  -14.55231196 -16.25660123 -16.29940463]\n",
      " [-15.96089737 -16.25660123 -14.84125487 -11.64164201]\n",
      " [-17.55421829 -16.29940463 -11.64164201   0.        ]]\n",
      "\n",
      "\n",
      "1th Policy Iteration 19: \n",
      "[[  0.         -11.42591538 -16.29940807 -17.92681232]\n",
      " [-11.42591538 -14.84125831 -16.57033147 -16.60954761]\n",
      " [-16.29940807 -16.57033147 -15.10598674 -11.83929409]\n",
      " [-17.92681232 -16.60954761 -11.83929409   0.        ]]\n",
      "\n",
      "\n",
      "1th Policy Iteration 20: \n",
      "[[  0.         -11.64164544 -16.60954932 -18.26818039]\n",
      " [-11.64164544 -15.10598845 -16.85776803 -16.89369753]\n",
      " [-16.60954932 -16.85776803 -15.34853106 -12.02038067]\n",
      " [-18.26818039 -16.89369753 -12.02038067   0.        ]]\n",
      "\n",
      "\n",
      "1th Policy Iteration 21: \n",
      "[[  0.         -11.8392958  -16.89369839 -18.58093917]\n",
      " [-11.8392958  -15.34853192 -17.12111472 -17.15403302]\n",
      " [-16.89369839 -17.12111472 -15.5707477  -12.18629035]\n",
      " [-18.58093917 -17.15403302 -12.18629035   0.        ]]\n",
      "\n",
      "\n",
      "1th Policy Iteration 22: \n",
      "[[  0.         -12.02038153 -17.15403345 -18.86748621]\n",
      " [-12.02038153 -15.57074812 -17.36239057 -17.39255004]\n",
      " [-17.15403345 -17.36239057 -15.77434046 -12.33829521]\n",
      " [-18.86748621 -17.39255004 -12.33829521   0.        ]]\n",
      "\n",
      "\n",
      "1th Policy Iteration 23: \n",
      "[[  0.         -12.18629078 -17.39255025 -19.13001818]\n",
      " [-12.18629078 -15.77434068 -17.58344536 -17.6110772 ]\n",
      " [-17.39255025 -17.58344536 -15.96087028 -12.47756067]\n",
      " [-19.13001818 -17.6110772  -12.47756067   0.        ]]\n",
      "\n",
      "\n",
      "1th Policy Iteration 24: \n",
      "[[  0.         -12.33829543 -17.6110773  -19.37054771]\n",
      " [-12.33829543 -15.96087039 -17.78597379 -17.81128984]\n",
      " [-17.6110773  -17.78597379 -16.13176723 -12.60515444]\n",
      " [-19.37054771 -17.81128984 -12.60515444   0.        ]]\n",
      "\n",
      "\n",
      "1th Policy Iteration 25: \n",
      "[[  0.         -12.47756078 -17.8112899  -19.59091879]\n",
      " [-12.47756078 -16.13176729 -17.97152856 -17.99472291]\n",
      " [-17.8112899  -17.97152856 -16.2883415  -12.72205471]\n",
      " [-19.59091879 -17.99472291 -12.72205471   0.        ]]\n",
      "\n",
      "\n",
      "1th Policy Iteration 26: \n",
      "[[  0.         -12.60515449 -17.99472294 -19.79282086]\n",
      " [-12.60515449 -16.28834153 -18.14153222 -18.16278267]\n",
      " [-17.99472294 -18.14153222 -16.43179347 -12.82915771]\n",
      " [-19.79282086 -18.16278267 -12.82915771   0.        ]]\n",
      "\n",
      "\n",
      "1th Policy Iteration 27: \n",
      "[[  0.         -12.72205474 -18.16278269 -19.97780177]\n",
      " [-12.72205474 -16.43179348 -18.29728808 -18.31675756]\n",
      " [-18.16278269 -18.29728808 -16.56322289 -12.92728454]\n",
      " [-19.97780177 -18.31675756 -12.92728454   0.        ]]\n",
      "\n",
      "\n",
      "1th Policy Iteration 28: \n",
      "[[  0.         -12.82915773 -18.31675756 -20.14727967]\n",
      " [-12.82915773 -16.5632229  -18.43999023 -18.457828  ]\n",
      " [-18.31675756 -18.43999023 -16.68363739 -13.01718748]\n",
      " [-20.14727967 -18.457828   -13.01718748   0.        ]]\n",
      "\n",
      "\n",
      "1th Policy Iteration 29: \n",
      "[[  0.         -12.92728455 -18.457828   -20.30255383]\n",
      " [-12.92728455 -16.68363739 -18.57073269 -18.5870755 ]\n",
      " [-18.457828   -18.57073269 -16.79396009 -13.09955577]\n",
      " [-20.30255383 -18.5870755  -13.09955577   0.        ]]\n",
      "\n",
      "\n",
      "1th Policy Iteration 30: \n",
      "[[  0.         -13.01718748 -18.5870755  -20.44481467]\n",
      " [-13.01718748 -16.79396009 -18.6905178  -18.70549093]\n",
      " [-18.5870755  -18.6905178  -16.89503678 -13.17502087]\n",
      " [-20.44481467 -18.70549093 -13.17502087   0.        ]]\n",
      "\n",
      "\n",
      "1th Policy Iteration 31: \n",
      "[[  0.         -13.09955577 -18.70549093 -20.5751528 ]\n",
      " [-13.09955577 -16.89503678 -18.80026386 -18.81398212]\n",
      " [-18.70549093 -18.80026386 -16.98764236 -13.24416134]\n",
      " [-20.5751528  -18.81398212 -13.24416134   0.        ]]\n",
      "\n",
      "\n",
      "1th Policy Iteration 32: \n",
      "[[  0.         -13.17502087 -18.81398212 -20.69456746]\n",
      " [-13.17502087 -16.98764236 -18.90081224 -18.91338079]\n",
      " [-18.81398212 -18.90081224 -17.07248679 -13.30750723]\n",
      " [-20.69456746 -18.91338079 -13.30750723   0.        ]]\n",
      "\n",
      "\n",
      "1th Policy Iteration 33: \n",
      "[[  0.         -13.24416134 -18.91338079 -20.80397412]\n",
      " [-13.24416134 -17.07248679 -18.99293379 -19.00444898]\n",
      " [-18.91338079 -18.99293379 -17.15022051 -13.36554418]\n",
      " [-20.80397412 -19.00444898 -13.36554418   0.        ]]\n",
      "\n",
      "\n",
      "1th Policy Iteration 34: \n",
      "[[  0.         -13.30750723 -19.00444898 -20.90421155]\n",
      " [-13.30750723 -17.15022051 -19.07733475 -19.08788486]\n",
      " [-19.00444898 -19.07733475 -17.22143946 -13.41871713]\n",
      " [-20.90421155 -19.08788486 -13.41871713   0.        ]]\n",
      "\n",
      "\n",
      "1th Policy Iteration 35: \n",
      "[[  0.         -13.36554418 -19.08788486 -20.99604821]\n",
      " [-13.36554418 -17.22143946 -19.15466216 -19.16432809]\n",
      " [-19.08788486 -19.15466216 -17.28668965 -13.46743372]\n",
      " [-20.99604821 -19.16432809 -13.46743372   0.        ]]\n",
      "\n",
      "\n",
      "1th Policy Iteration 36: \n",
      "[[  0.         -13.41871713 -19.16432809 -21.08018815]\n",
      " [-13.41871713 -17.28668965 -19.22550887 -19.23436471]\n",
      " [-19.16432809 -19.22550887 -17.34647129 -13.51206743]\n",
      " [-21.08018815 -19.23436471 -13.51206743   0.        ]]\n",
      "\n",
      "\n",
      "1th Policy Iteration 37: \n",
      "[[  0.         -13.46743372 -19.23436471 -21.15727643]\n",
      " [-13.46743372 -17.34647129 -19.290418   -19.29853164]\n",
      " [-19.23436471 -19.290418   -17.40124271 -13.55296045]\n",
      " [-21.15727643 -19.29853164 -13.55296045   0.        ]]\n",
      "\n",
      "\n",
      "1th Policy Iteration 38: \n",
      "[[  0.         -13.51206743 -19.29853164 -21.22790403]\n",
      " [-13.51206743 -17.40124271 -19.34988718 -19.35732082]\n",
      " [-19.29853164 -19.34988718 -17.45142381 -13.59042627]\n",
      " [-21.22790403 -19.35732082 -13.59042627   0.        ]]\n",
      "\n",
      "\n",
      "1th Policy Iteration 39: \n",
      "[[  0.         -13.55296045 -19.35732082 -21.29261243]\n",
      " [-13.55296045 -17.45142381 -19.40437232 -19.41118296]\n",
      " [-19.35732082 -19.40437232 -17.49739929 -13.62475213]\n",
      " [-21.29261243 -19.41118296 -13.62475213   0.        ]]\n",
      "\n",
      "\n",
      "1th Policy Iteration 40: \n",
      "[[  0.         -13.59042627 -19.41118296 -21.35189769]\n",
      " [-13.59042627 -17.49739929 -19.45429113 -19.46053098]\n",
      " [-19.41118296 -19.45429113 -17.53952163 -13.65620118]\n",
      " [-21.35189769 -19.46053098 -13.65620118   0.        ]]\n",
      "\n",
      "\n",
      "1th Policy Iteration 41: \n",
      "[[  0.         -13.62475213 -19.46053098 -21.40621434]\n",
      " [-13.62475213 -17.53952163 -19.5000263  -19.5057432 ]\n",
      " [-19.46053098 -19.5000263  -17.57811374 -13.68501453]\n",
      " [-21.40621434 -19.5057432  -13.68501453   0.        ]]\n",
      "\n",
      "\n",
      "1th Policy Iteration 42: \n",
      "[[  0.         -13.65620118 -19.5057432  -21.45597877]\n",
      " [-13.65620118 -17.57811374 -19.54192847 -19.54716624]\n",
      " [-19.5057432  -19.54192847 -17.6134715  -13.71141307]\n",
      " [-21.45597877 -19.54716624 -13.71141307   0.        ]]\n",
      "\n",
      "\n",
      "1th Policy Iteration 43: \n",
      "[[  0.         -13.68501453 -19.54716624 -21.50157251]\n",
      " [-13.68501453 -17.6134715  -19.58031887 -19.58511767]\n",
      " [-19.54716624 -19.58031887 -17.64586597 -13.73559918]\n",
      " [-21.50157251 -19.58511767 -13.73559918   0.        ]]\n",
      "\n",
      "\n",
      "1th Policy Iteration 44: \n",
      "[[  0.         -13.71141307 -19.58511767 -21.54334509]\n",
      " [-13.71141307 -17.64586597 -19.61549182 -19.61988844]\n",
      " [-19.58511767 -19.61549182 -17.6755455  -13.75775828]\n",
      " [-21.54334509 -19.61988844 -13.75775828   0.        ]]\n",
      "\n",
      "\n",
      "1th Policy Iteration 45: \n",
      "[[  0.         -13.73559918 -19.61988844 -21.58161677]\n",
      " [-13.73559918 -17.6755455  -19.64771697 -19.65174511]\n",
      " [-19.61988844 -19.64771697 -17.70273763 -13.77806025]\n",
      " [-21.58161677 -19.65174511 -13.77806025   0.        ]]\n",
      "\n",
      "\n",
      "1th Policy Iteration 46: \n",
      "[[  0.         -13.75775828 -19.65174511 -21.61668094]\n",
      " [-13.75775828 -17.70273763 -19.67724137 -19.68093192]\n",
      " [-19.65174511 -19.67724137 -17.72765081 -13.79666075]\n",
      " [-21.61668094 -19.68093192 -13.79666075   0.        ]]\n",
      "\n",
      "\n",
      "1th Policy Iteration 47: \n",
      "[[  0.         -13.77806025 -19.68093192 -21.64880643]\n",
      " [-13.77806025 -17.72765081 -19.70429137 -19.70767262]\n",
      " [-19.68093192 -19.70429137 -17.75047606 -13.81370235]\n",
      " [-21.64880643 -19.70767262 -13.81370235   0.        ]]\n",
      "\n",
      "\n",
      "1th Policy Iteration 48: \n",
      "[[  0.         -13.79666075 -19.70767262 -21.67823952]\n",
      " [-13.79666075 -17.75047606 -19.72907434 -19.73217221]\n",
      " [-19.70767262 -19.72907434 -17.77138835 -13.82931573]\n",
      " [-21.67823952 -19.73217221 -13.82931573   0.        ]]\n",
      "\n",
      "\n",
      "1th Policy Iteration 49: \n",
      "[[  0.         -13.81370235 -19.73217221 -21.70520586]\n",
      " [-13.81370235 -17.77138835 -19.75178028 -19.75461852]\n",
      " [-19.73217221 -19.75178028 -17.790548   -13.84362056]\n",
      " [-21.70520586 -19.75461852 -13.84362056   0.        ]]\n",
      "\n",
      "\n",
      "1th Policy Iteration 50: \n",
      "[[  0.         -13.82931573 -19.75461852 -21.72991219]\n",
      " [-13.82931573 -17.790548   -19.77258326 -19.77518363]\n",
      " [-19.75461852 -19.77258326 -17.80810191 -13.85672653]\n",
      " [-21.72991219 -19.77518363 -13.85672653   0.        ]]\n",
      "\n",
      "\n",
      "1th Policy Iteration 51: \n",
      "[[  0.         -13.84362056 -19.77518363 -21.75254791]\n",
      " [-13.84362056 -17.80810191 -19.79164277 -19.79402521]\n",
      " [-19.77518363 -19.79164277 -17.82418465 -13.8687341 ]\n",
      " [-21.75254791 -19.79402521 -13.8687341    0.        ]]\n",
      "\n",
      "\n",
      "1th Policy Iteration 52: \n",
      "[[  0.         -13.85672653 -19.79402521 -21.77328656]\n",
      " [-13.85672653 -17.82418465 -19.80910493 -19.8112877 ]\n",
      " [-19.79402521 -19.80910493 -17.83891951 -13.87973533]\n",
      " [-21.77328656 -19.8112877  -13.87973533   0.        ]]\n",
      "\n",
      "\n",
      "1th Policy Iteration 53: \n",
      "[[  0.         -13.8687341  -19.8112877  -21.79228713]\n",
      " [-13.8687341  -17.83891951 -19.82510361 -19.82710344]\n",
      " [-19.8112877  -19.82510361 -17.85241947 -13.88981456]\n",
      " [-21.79228713 -19.82710344 -13.88981456   0.        ]]\n",
      "\n",
      "\n",
      "1th Policy Iteration 54: \n",
      "[[  0.         -13.87973533 -19.82710344 -21.80969529]\n",
      " [-13.87973533 -17.85241947 -19.83976145 -19.84159369]\n",
      " [-19.82710344 -19.83976145 -17.86478801 -13.89904906]\n",
      " [-21.80969529 -19.84159369 -13.89904906   0.        ]]\n",
      "\n",
      "\n",
      "1th Policy Iteration 55: \n",
      "[[  0.         -13.88981456 -19.84159369 -21.82564449]\n",
      " [-13.88981456 -17.86478801 -19.85319085 -19.85486952]\n",
      " [-19.84159369 -19.85319085 -17.87611995 -13.90750963]\n",
      " [-21.82564449 -19.85486952 -13.90750963   0.        ]]\n",
      "\n",
      "\n",
      "1th Policy Iteration 56: \n",
      "[[  0.         -13.89904906 -19.85486952 -21.840257  ]\n",
      " [-13.89904906 -17.87611995 -19.86549474 -19.86703272]\n",
      " [-19.85486952 -19.86549474 -17.88650219 -13.91526114]\n",
      " [-21.840257   -19.86703272 -13.91526114   0.        ]]\n",
      "\n",
      "\n",
      "1th Policy Iteration 57: \n",
      "[[  0.         -13.90750963 -19.86703272 -21.85364486]\n",
      " [-13.90750963 -17.88650219 -19.87676745 -19.87817654]\n",
      " [-19.86703272 -19.87676745 -17.8960143  -13.92236299]\n",
      " [-21.85364486 -19.87817654 -13.92236299   0.        ]]\n",
      "\n",
      "\n",
      "1th Policy Iteration 58: \n",
      "[[  0.         -13.91526114 -19.87817654 -21.8659107 ]\n",
      " [-13.91526114 -17.8960143  -19.88709542 -19.88838642]\n",
      " [-19.87817654 -19.88709542 -17.90472921 -13.92886965]\n",
      " [-21.8659107  -19.88838642 -13.92886965   0.        ]]\n",
      "\n",
      "\n",
      "1th Policy Iteration 59: \n",
      "[[  0.         -13.92236299 -19.88838642 -21.87714856]\n",
      " [-13.92236299 -17.90472921 -19.89655781 -19.89774061]\n",
      " [-19.88838642 -19.89655781 -17.91271373 -13.934831  ]\n",
      " [-21.87714856 -19.89774061 -13.934831     0.        ]]\n",
      "\n",
      "\n",
      "1th Policy Iteration 60: \n",
      "[[  0.         -13.92886965 -19.89774061 -21.88744458]\n",
      " [-13.92886965 -17.91271373 -19.90522717 -19.90631084]\n",
      " [-19.89774061 -19.90522717 -17.92002909 -13.94029273]\n",
      " [-21.88744458 -19.90631084 -13.94029273   0.        ]]\n",
      "\n",
      "\n",
      "1th Policy Iteration 61: \n",
      "[[  0.         -13.934831   -19.90631084 -21.89687771]\n",
      " [-13.934831   -17.92002909 -19.91316996 -19.91416281]\n",
      " [-19.90631084 -19.91316996 -17.92673135 -13.94529672]\n",
      " [-21.89687771 -19.91416281 -13.94529672   0.        ]]\n",
      "\n",
      "\n",
      "1th Policy Iteration 62: \n",
      "[[  0.         -13.94029273 -19.91416281 -21.90552026]\n",
      " [-13.94029273 -17.92673135 -19.92044708 -19.92135672]\n",
      " [-19.91416281 -19.92044708 -17.9328719  -13.94988134]\n",
      " [-21.90552026 -19.92135672 -13.94988134   0.        ]]\n",
      "\n",
      "\n",
      "1th Policy Iteration 63: \n",
      "[[  0.         -13.94529672 -19.92135672 -21.91343849]\n",
      " [-13.94529672 -17.9328719  -19.92711431 -19.92794771]\n",
      " [-19.92135672 -19.92711431 -17.93849782 -13.95408172]\n",
      " [-21.91343849 -19.92794771 -13.95408172   0.        ]]\n",
      "\n",
      "\n",
      "1th Policy Iteration 64: \n",
      "[[  0.         -13.94988134 -19.92794771 -21.9206931 ]\n",
      " [-13.94988134 -17.93849782 -19.93322277 -19.93398633]\n",
      " [-19.92794771 -19.93322277 -17.94365224 -13.95793007]\n",
      " [-21.9206931  -19.93398633 -13.95793007   0.        ]]\n",
      "\n",
      "\n",
      "1th Policy Iteration 65: \n",
      "[[  0.         -13.95408172 -19.93398633 -21.92733971]\n",
      " [-13.95408172 -17.94365224 -19.93881928 -19.93951885]\n",
      " [-19.93398633 -19.93881928 -17.94837468 -13.9614559 ]\n",
      " [-21.92733971 -19.93951885 -13.9614559    0.        ]]\n",
      "\n",
      "\n",
      "1th Policy Iteration 66: \n",
      "[[  0.         -13.95793007 -19.93951885 -21.93342928]\n",
      " [-13.95793007 -17.94837468 -19.94394676 -19.9445877 ]\n",
      " [-19.93951885 -19.94394676 -17.95270133 -13.96468623]\n",
      " [-21.93342928 -19.9445877  -13.96468623   0.        ]]\n",
      "\n",
      "\n",
      "1th Policy Iteration 67: \n",
      "[[  0.         -13.9614559  -19.9445877  -21.93900849]\n",
      " [-13.9614559  -17.95270133 -19.94864452 -19.94923173]\n",
      " [-19.9445877  -19.94864452 -17.95666537 -13.96764584]\n",
      " [-21.93900849 -19.94923173 -13.96764584   0.        ]]\n",
      "\n",
      "\n",
      "1th Policy Iteration 68: \n",
      "[[  0.         -13.96468623 -19.94923173 -21.94412011]\n",
      " [-13.96468623 -17.95666537 -19.95294855 -19.95348656]\n",
      " [-19.94923173 -19.95294855 -17.96029719 -13.9703574 ]\n",
      " [-21.94412011 -19.95348656 -13.9703574    0.        ]]\n",
      "\n",
      "\n",
      "1th Policy Iteration 69: \n",
      "[[  0.         -13.96764584 -19.95348656 -21.94880334]\n",
      " [-13.96764584 -17.96029719 -19.95689188 -19.95738479]\n",
      " [-19.95348656 -19.95689188 -17.96362464 -13.97284171]\n",
      " [-21.94880334 -19.95738479 -13.97284171   0.        ]]\n",
      "\n",
      "\n",
      "1th Policy Iteration 70: \n",
      "[[  0.         -13.9703574  -19.95738479 -21.95309406]\n",
      " [-13.9703574  -17.96362464 -19.96050471 -19.96095632]\n",
      " [-19.95738479 -19.96050471 -17.96667321 -13.97511781]\n",
      " [-21.95309406 -19.96095632 -13.97511781   0.        ]]\n",
      "\n",
      "\n",
      "1th Policy Iteration 71: \n",
      "[[  0.         -13.97284171 -19.96095632 -21.95702519]\n",
      " [-13.97284171 -17.96667321 -19.96381476 -19.96422852]\n",
      " [-19.96095632 -19.96381476 -17.96946629 -13.97720315]\n",
      " [-21.95702519 -19.96422852 -13.97720315   0.        ]]\n",
      "\n",
      "\n",
      "1th Policy Iteration 72: \n",
      "[[  0.         -13.97511781 -19.96422852 -21.96062686]\n",
      " [-13.97511781 -17.96946629 -19.9668474  -19.96722648]\n",
      " [-19.96422852 -19.9668474  -17.97202528 -13.97911373]\n",
      " [-21.96062686 -19.96722648 -13.97911373   0.        ]]\n",
      "\n",
      "\n",
      "1th Policy Iteration 73: \n",
      "[[  0.         -13.97720315 -19.96722648 -21.96392667]\n",
      " [-13.97720315 -17.97202528 -19.96962588 -19.96997319]\n",
      " [-19.96722648 -19.96962588 -17.97436981 -13.98086418]\n",
      " [-21.96392667 -19.96997319 -13.98086418   0.        ]]\n",
      "\n",
      "\n",
      "1th Policy Iteration 74: \n",
      "[[  0.         -13.97911373 -19.96997319 -21.96694993]\n",
      " [-13.97911373 -17.97436981 -19.9721715  -19.9724897 ]\n",
      " [-19.96997319 -19.9721715  -17.97651784 -13.98246793]\n",
      " [-21.96694993 -19.9724897  -13.98246793   0.        ]]\n",
      "\n",
      "\n",
      "1th Policy Iteration 75: \n",
      "[[  0.         -13.98086418 -19.9724897  -21.96971982]\n",
      " [-13.98086418 -17.97651784 -19.97450377 -19.9747953 ]\n",
      " [-19.9724897  -19.97450377 -17.97848585 -13.98393727]\n",
      " [-21.96971982 -19.9747953  -13.98393727   0.        ]]\n",
      "\n",
      "\n",
      "1th Policy Iteration 76: \n",
      "[[  0.         -13.98246793 -19.9747953  -21.97225756]\n",
      " [-13.98246793 -17.97848585 -19.97664058 -19.97690768]\n",
      " [-19.9747953  -19.97664058 -17.98028892 -13.98528347]\n",
      " [-21.97225756 -19.97690768 -13.98528347   0.        ]]\n",
      "\n",
      "\n",
      "1th Policy Iteration 77: \n",
      "[[  0.         -13.98393727 -19.97690768 -21.97458262]\n",
      " [-13.98393727 -17.98028892 -19.9785983  -19.97884302]\n",
      " [-19.97690768 -19.9785983  -17.98194088 -13.98651684]\n",
      " [-21.97458262 -19.97884302 -13.98651684   0.        ]]\n",
      "\n",
      "\n",
      "1th Policy Iteration 78: \n",
      "[[  0.         -13.98528347 -19.97884302 -21.97671282]\n",
      " [-13.98528347 -17.98194088 -19.98039195 -19.98061616]\n",
      " [-19.97884302 -19.98039195 -17.9834544  -13.98764685]\n",
      " [-21.97671282 -19.98061616 -13.98764685   0.        ]]\n",
      "\n",
      "\n",
      "1th Policy Iteration 79: \n",
      "[[  0.         -13.98651684 -19.98061616 -21.97866449]\n",
      " [-13.98651684 -17.9834544  -19.98203528 -19.98224069]\n",
      " [-19.98061616 -19.98203528 -17.98484106 -13.98868215]\n",
      " [-21.97866449 -19.98224069 -13.98868215   0.        ]]\n",
      "\n",
      "\n",
      "1th Policy Iteration 80: \n",
      "[[  0.         -13.98764685 -19.98224069 -21.98045259]\n",
      " [-13.98764685 -17.98484106 -19.98354088 -19.98372908]\n",
      " [-19.98224069 -19.98354088 -17.98611151 -13.98963069]\n",
      " [-21.98045259 -19.98372908 -13.98963069   0.        ]]\n",
      "\n",
      "\n",
      "1th Policy Iteration 81: \n",
      "[[  0.         -13.98868215 -19.98372908 -21.98209083]\n",
      " [-13.98868215 -17.98611151 -19.9849203  -19.98509272]\n",
      " [-19.98372908 -19.9849203  -17.98727549 -13.99049973]\n",
      " [-21.98209083 -19.98509272 -13.99049973   0.        ]]\n",
      "\n",
      "\n",
      "1th Policy Iteration 82: \n",
      "[[  0.         -13.98963069 -19.98509272 -21.98359178]\n",
      " [-13.98963069 -17.98727549 -19.98618411 -19.98634208]\n",
      " [-19.98509272 -19.98618411 -17.98834192 -13.99129593]\n",
      " [-21.98359178 -19.98634208 -13.99129593   0.        ]]\n",
      "\n",
      "\n",
      "1th Policy Iteration 83: \n",
      "[[  0.         -13.99049973 -19.98634208 -21.98496693]\n",
      " [-13.99049973 -17.98834192 -19.987342   -19.98748674]\n",
      " [-19.98634208 -19.987342   -17.98931897 -13.99202541]\n",
      " [-21.98496693 -19.98748674 -13.99202541   0.        ]]\n",
      "\n",
      "\n",
      "1th Policy Iteration 84: \n",
      "[[  0.         -13.99129593 -19.98748674 -21.98622683]\n",
      " [-13.99129593 -17.98931897 -19.98840285 -19.98853546]\n",
      " [-19.98748674 -19.98840285 -17.99021413 -13.99269375]\n",
      " [-21.98622683 -19.98853546 -13.99269375   0.        ]]\n",
      "\n",
      "\n",
      "1th Policy Iteration 85: \n",
      "[[  0.         -13.99202541 -19.98853546 -21.98738115]\n",
      " [-13.99202541 -17.99021413 -19.98937479 -19.98949629]\n",
      " [-19.98853546 -19.98937479 -17.99103427 -13.99330608]\n",
      " [-21.98738115 -19.98949629 -13.99330608   0.        ]]\n",
      "\n",
      "\n",
      "1th Policy Iteration 86: \n",
      "[[  0.         -13.99269375 -19.98949629 -21.98843872]\n",
      " [-13.99269375 -17.99103427 -19.99026528 -19.99037659]\n",
      " [-19.98949629 -19.99026528 -17.99178568 -13.99386709]\n",
      " [-21.98843872 -19.99037659 -13.99386709   0.        ]]\n",
      "\n",
      "\n",
      "1th Policy Iteration 87: \n",
      "[[  0.         -13.99330608 -19.99037659 -21.98940765]\n",
      " [-13.99330608 -17.99178568 -19.99108113 -19.99118312]\n",
      " [-19.99037659 -19.99108113 -17.99247411 -13.99438108]\n",
      " [-21.98940765 -19.99118312 -13.99438108   0.        ]]\n",
      "\n",
      "\n",
      "1th Policy Iteration 88: \n",
      "[[  0.         -13.99386709 -19.99118312 -21.99029538]\n",
      " [-13.99386709 -17.99247411 -19.99182861 -19.99192205]\n",
      " [-19.99118312 -19.99182861 -17.99310485 -13.99485199]\n",
      " [-21.99029538 -19.99192205 -13.99485199   0.        ]]\n",
      "\n",
      "\n",
      "1th Policy Iteration 89: \n",
      "[[  0.         -13.99438108 -19.99192205 -21.99110872]\n",
      " [-13.99438108 -17.99310485 -19.99251345 -19.99259905]\n",
      " [-19.99192205 -19.99251345 -17.99368272 -13.99528344]\n",
      " [-21.99110872 -19.99259905 -13.99528344   0.        ]]\n",
      "\n",
      "\n",
      "1th Policy Iteration 90: \n",
      "[[  0.         -13.99485199 -19.99259905 -21.99185388]\n",
      " [-13.99485199 -17.99368272 -19.99314088 -19.99321931]\n",
      " [-19.99259905 -19.99314088 -17.99421216 -13.99567873]\n",
      " [-21.99185388 -19.99321931 -13.99567873   0.        ]]\n",
      "\n",
      "\n",
      "1th Policy Iteration 91: \n",
      "[[  0.         -13.99528344 -19.99321931 -21.9925366 ]\n",
      " [-13.99528344 -17.99421216 -19.99371574 -19.9937876 ]\n",
      " [-19.99321931 -19.99371574 -17.99469723 -13.99604089]\n",
      " [-21.9925366  -19.9937876  -13.99604089   0.        ]]\n",
      "\n",
      "\n",
      "1th Policy Iteration 92: \n",
      "[[  0.         -13.99567873 -19.9937876  -21.9931621 ]\n",
      " [-13.99567873 -17.99469723 -19.99424241 -19.99430825]\n",
      " [-19.9937876  -19.99424241 -17.99514165 -13.9963727 ]\n",
      " [-21.9931621  -19.99430825 -13.9963727    0.        ]]\n",
      "\n",
      "\n",
      "1th Policy Iteration 93: \n",
      "[[  0.         -13.99604089 -19.99430825 -21.99373517]\n",
      " [-13.99604089 -17.99514165 -19.99472495 -19.99478527]\n",
      " [-19.99430825 -19.99472495 -17.99554882 -13.9966767 ]\n",
      " [-21.99373517 -19.99478527 -13.9966767    0.        ]]\n",
      "\n",
      "\n",
      "1th Policy Iteration 94: \n",
      "[[  0.         -13.9963727  -19.99478527 -21.99426022]\n",
      " [-13.9963727  -17.99554882 -19.99516705 -19.99522231]\n",
      " [-19.99478527 -19.99516705 -17.99592187 -13.99695522]\n",
      " [-21.99426022 -19.99522231 -13.99695522   0.        ]]\n",
      "\n",
      "\n",
      "1th Policy Iteration 95: \n",
      "[[  0.         -13.9966767  -19.99522231 -21.99474126]\n",
      " [-13.9966767  -17.99592187 -19.99557209 -19.99562272]\n",
      " [-19.99522231 -19.99557209 -17.99626365 -13.9972104 ]\n",
      " [-21.99474126 -19.99562272 -13.9972104    0.        ]]\n",
      "\n",
      "\n",
      "1th Policy Iteration 96: \n",
      "[[  0.         -13.99695522 -19.99562272 -21.99518199]\n",
      " [-13.99695522 -17.99626365 -19.99594319 -19.99598957]\n",
      " [-19.99562272 -19.99594319 -17.99657679 -13.99744419]\n",
      " [-21.99518199 -19.99598957 -13.99744419   0.        ]]\n",
      "\n",
      "\n",
      "1th Policy Iteration 97: \n",
      "[[  0.         -13.9972104  -19.99598957 -21.99558578]\n",
      " [-13.9972104  -17.99657679 -19.99628318 -19.99632568]\n",
      " [-19.99598957 -19.99628318 -17.99686369 -13.99765839]\n",
      " [-21.99558578 -19.99632568 -13.99765839   0.        ]]\n",
      "\n",
      "\n",
      "1th Policy Iteration 98: \n",
      "[[  0.         -13.99744419 -19.99632568 -21.99595573]\n",
      " [-13.99744419 -17.99686369 -19.99659469 -19.99663362]\n",
      " [-19.99632568 -19.99659469 -17.99712654 -13.99785464]\n",
      " [-21.99595573 -19.99663362 -13.99785464   0.        ]]\n",
      "\n",
      "\n",
      "1th Policy Iteration 99: \n",
      "[[  0.         -13.99765839 -19.99663362 -21.99629468]\n",
      " [-13.99765839 -17.99712654 -19.99688008 -19.99691576]\n",
      " [-19.99663362 -19.99688008 -17.99736736 -13.99803444]\n",
      " [-21.99629468 -19.99691576 -13.99803444   0.        ]]\n",
      "\n",
      "\n",
      "1th Policy Iteration 100: \n",
      "[[  0.         -13.99785464 -19.99691576 -21.99660522]\n",
      " [-13.99785464 -17.99736736 -19.99714156 -19.99717424]\n",
      " [-19.99691576 -19.99714156 -17.997588   -13.99819917]\n",
      " [-21.99660522 -19.99717424 -13.99819917   0.        ]]\n",
      "\n",
      "\n",
      "1th Policy Iteration 101: \n",
      "[[  0.         -13.99803444 -19.99717424 -21.99688973]\n",
      " [-13.99803444 -17.997588   -19.99738112 -19.99741107]\n",
      " [-19.99717424 -19.99738112 -17.99779014 -13.99835009]\n",
      " [-21.99688973 -19.99741107 -13.99835009   0.        ]]\n",
      "\n",
      "\n",
      "1th Policy Iteration 102: \n",
      "[[  0.         -13.99819917 -19.99741107 -21.9971504 ]\n",
      " [-13.99819917 -17.99779014 -19.9976006  -19.99762804]\n",
      " [-19.99741107 -19.9976006  -17.99797535 -13.99848837]\n",
      " [-21.9971504  -19.99762804 -13.99848837   0.        ]]\n",
      "\n",
      "\n",
      "1th Policy Iteration 103: \n",
      "[[  0.         -13.99835009 -19.99762804 -21.99738922]\n",
      " [-13.99835009 -17.99797535 -19.9978017  -19.99782683]\n",
      " [-19.99762804 -19.9978017  -17.99814503 -13.99861506]\n",
      " [-21.99738922 -19.99782683 -13.99861506   0.        ]]\n",
      "\n",
      "\n",
      "1th Policy Iteration 104: \n",
      "[[  0.         -13.99848837 -19.99782683 -21.99760803]\n",
      " [-13.99848837 -17.99814503 -19.99798593 -19.99800896]\n",
      " [-19.99782683 -19.99798593 -17.9983005  -13.99873113]\n",
      " [-21.99760803 -19.99800896 -13.99873113   0.        ]]\n",
      "\n",
      "\n",
      "1th Policy Iteration 105: \n",
      "[[  0.         -13.99861506 -19.99800896 -21.99780849]\n",
      " [-13.99861506 -17.9983005  -19.99815473 -19.99817583]\n",
      " [-19.99800896 -19.99815473 -17.99844293 -13.99883747]\n",
      " [-21.99780849 -19.99817583 -13.99883747   0.        ]]\n",
      "\n",
      "\n",
      "1th Policy Iteration 106: \n",
      "[[  0.         -13.99873113 -19.99817583 -21.99799216]\n",
      " [-13.99873113 -17.99844293 -19.99830938 -19.99832871]\n",
      " [-19.99817583 -19.99830938 -17.99857343 -13.9989349 ]\n",
      " [-21.99799216 -19.99832871 -13.9989349    0.        ]]\n",
      "\n",
      "\n",
      "1th Policy Iteration 107: \n",
      "[[  0.         -13.99883747 -19.99832871 -21.99816044]\n",
      " [-13.99883747 -17.99857343 -19.99845107 -19.99846878]\n",
      " [-19.99832871 -19.99845107 -17.99869298 -13.99902417]\n",
      " [-21.99816044 -19.99846878 -13.99902417   0.        ]]\n",
      "\n",
      "\n",
      "1th Policy Iteration 108: \n",
      "[[  0.         -13.9989349  -19.99846878 -21.99831461]\n",
      " [-13.9989349  -17.99869298 -19.99858088 -19.99859711]\n",
      " [-19.99846878 -19.99858088 -17.99880252 -13.99910595]\n",
      " [-21.99831461 -19.99859711 -13.99910595   0.        ]]\n",
      "\n",
      "\n",
      "1th Policy Iteration 109: \n",
      "[[  0.         -13.99902417 -19.99859711 -21.99845586]\n",
      " [-13.99902417 -17.99880252 -19.99869982 -19.99871468]\n",
      " [-19.99859711 -19.99869982 -17.99890288 -13.99918088]\n",
      " [-21.99845586 -19.99871468 -13.99918088   0.        ]]\n",
      "\n",
      "\n",
      "1th Policy Iteration 110: \n",
